76561197960780580)
76561197961409264)
76561197962877395
76561197964157694)
76561197970098933
76561197970523324
76561197971468931
76561197980986576
76561197991540488
76561197991583369
76561197993187063)
76561197996276068)
76561197999081086
76561197999426912
76561198001914843)
76561198005407898
76561198006212590
76561198007492729
76561198010370144)
76561198012802427
76561198016345073
76561198018094764
76561198018844295
76561198024324578)
76561198024855441
76561198025558823
76561198026385835
76561198027078279)
76561198028133830
76561198028498912
76561198030496865)
76561198034321830
76561198036411084
76561198038251902
76561198039028060
76561198039663113
76561198040054083)
76561198040735667
76561198041367136)
76561198042736977
76561198043810656
76561198044634926)
76561198044665670
76561198045108083
76561198045703647
76561198046131464
76561198046620590
76561198048041724)
76561198049865594)
76561198050670278
76561198051204744)
76561198052519792)
76561198053814945
76561198054342556
76561198056701474
76561198058082632
76561198058788933
76561198058867252
76561198059028286)
76561198061794800
76561198061917992
76561198062851510)
76561198064889161
76561198066620287)
76561198067193407
76561198067791692
76561198070002895)
76561198070132294
76561198070674726)
76561198071483095
76561198071546637)
76561198074814387
76561198075039594
76561198078652138
76561198080696266
76561198081845481)
76561198083102814
76561198083505754
76561198085405761
76561198086925694)
76561198087000105
76561198089359917
76561198091220365
76561198092672677
76561198099480462
76561198100005884
76561198105366045
76561198108722399
76561198115065421
76561198115134892
76561198115723204
76561198116318390
76561198117307344
76561198119598042
76561198119633979)
76561198120419114)
76561198122058670
76561198123905260
76561198125761321
76561198128278416
76561198129095933
76561198132931474
76561198133748881)
76561198135955369
76561198136882957
76561198137996740
76561198142743852
76561198142816965
76561198145196218
76561198146749278
76561198146840693
76561198150626637
76561198153010037)
76561198154161150
76561198155009752)
76561198156786311
76561198157359153)
76561198157621125
76561198157970921
76561198165563523
76561198166065449
76561198166969193
76561198167233413
76561198170381287
76561198172120143
76561198178327166
76561198190131363
76561198200067149
76561198200145257
76561198200185153
76561198202222537)
76561198217921067
76561198219853479
76561198224905304
76561198255606876
76561198257814787)
76561198258329397
76561198258403487
76561198262303622)
76561198263768349
76561198266100379
76561198274689528
76561198277606607
76561198292540676
76561198292953618
76561198310679604)
76561198316629909)
76561198316916037
76561198328264406
76561198329880487
76561198336395164
76561198341436377
76561198348396784
76561198349247726
76561198350752937
76561198353451768
76561198356740771
76561198359206619
76561198370926279
76561198374319538)
76561198377661044)
76561198383575520
76561198383575520
76561198385097639
76561198397967518
76561198397998161
76561198398122332
76561198398663331
76561198399479994
76561198400212126
76561198400567181
76561198405712444)
76561198445289661
76561198448654386)
76561198802420333)
76561198810540444
76561198847915872
76561198860375619)
76561198871687512)
76561198871830284
76561198877945396
76561198879247021)
76561198968674897
76561199015539476
76561199017289888
76561199049977666
76561199039216503
76561198047062533
76561198103710635
76561198129367749
76561198115193313
76561199067824674
76561198242689170
76561198103289017
76561199040270437
76561198224886244
76561197998524778
76561198152897030
76561198123754294
76561199108705829
76561198144833094
76561198355308823
76561198024612523
76561198304087880
76561199136401496
76561198031831191
76561197961360150
76561198086456031
76561198873059336
76561198106811440
76561198968235942
76561198082957678
76561198160869069
76561198046437505
76561197963057641
76561198091734493
76561198145975423)
76561198020165340
76561198278571582